1978.78
1969
1978.78
1969
1970.96
1972.48
1973.85
1974.48
1974.16
1978.6
1978.28
1978.34
1978.44
1978.35
1978.58
1978.83
1979.56
1979.91
1979.77
1979.05
1977.58
1976.16
1975.38
1975.02
1974.95
1974.81
1975.05
1975.56
1974.9
1974.66
1975.22
1975.99
1976.09
1974.71
1972.61
1971.51
1971.52
1971.74
1971.77
1971.79
1972.02
1972.2
1972.25
1972.44
1972.76
1972.9
1972.71
1972.38
1971.95
1971.4
1970.79
1970.3
1970.13
1970.01
1970.01
1970.12
1970.25
1970.35
1970.38
1970.28
1970.19
1969.94
1969.76
1969.45
1969.27
1969.07
1968.85
1968.71
1968.69
1968.61
1968.59
1968.5
1968.54
1968.47
1968.4
1968.24
1968.14
1968.02
1967.93
1967.75
1967.63
1967.55
1967.42
1967.29
1967.28
1967.2
1967.18
1967.14
1967.08
1967.06
1966.91
1966.81
1966.74
1966.66
1966.58
1966.49
1966.47
1966.4
1966.36
1966.24
1966.21
1966.13
1966.1
1966.06
1966.03
1966
1965.91
1965.85
1965.84
1965.75
1965.7
1965.61
1965.63
1965.6
1965.56
1965.5
1965.49
1965.42
1965.43
1965.37
1965.36
1965.31
1965.3
1965.24
1965.26
1965.2
1965.23
1965.13
