0 17.2958 -2397.42 250
1 17.7001 -2249.84 236
2 17.5004 -2470.6 251
3 17.5679 -2348.81 243
4 17.4184 -2211.9 237
5 17.4679 -2211.11 237
6 17.5073 -2402.04 247
7 17.264 -2340.55 247
8 17.6609 -2349.03 242
9 17.3359 -2348.26 246
10 17.5268 -2366.24 245
11 17.2395 -2286.41 244
12 17.528 -2324.85 242
13 17.2159 -2254.17 243
14 17.422 -2432.4 250
15 17.3875 -2429.92 250
16 17.3917 -2274.91 241
17 17.3253 -2384.17 248
18 17.4174 -2311.29 243
19 17.3647 -2339.29 245
20 17.6584 -2480.65 249
21 17.4951 -2402.62 247
22 17.55 -2380.44 245
23 17.4398 -2262.36 240
24 17.3823 -2344.03 245
25 17.477 -2409.6 248
26 17.2456 -2294.61 244
27 17.3052 -2368.54 248
28 17.4172 -2447.87 251
29 17.212 -2312.11 246
30 17.5072 -2459.46 250
31 17.4069 -2385.56 247
32 17.4357 -2404.31 248
33 17.4907 -2348.85 244
34 17.334 -2372.07 248
35 17.5468 -2455.63 249
36 17.2379 -2424.46 252
37 17.5075 -2302.84 241
38 17.6947 -2443.09 247
39 17.4798 -2458.83 251
40 17.1678 -2267.22 244
41 17.5161 -2336.26 243
42 17.3715 -2405.81 249
43 17.3096 -2374.46 248
44 17.4041 -2364.8 246
45 17.2969 -2419.06 251
46 17.3434 -2335.88 245
47 17.3298 -2331.99 245
48 17.3978 -2335.84 245
49 17.3559 -2297.45 243
50 17.5032 -2488.1 252
51 17.4836 -2372.49 246
52 17.2307 -2269.73 243
53 17.1729 -2380.03 250
54 17.4629 -2310.97 242
55 17.5481 -2380.21 245
56 17.5274 -2429.47 248
57 17.5341 -2400.7 246
58 17.3099 -2400.17 250
59 17.4648 -2296.69 241
60 17.3637 -2375.09 247
61 17.4878 -2468.28 251
62 17.2384 -2334.55 247
63 17.4918 -2412.2 248
64 17.5345 -2412.51 247
65 17.5413 -2455.09 249
66 17.5389 -2467.61 250
67 17.4348 -2450.72 251
68 17.5155 -2423.73 248
69 17.6172 -2404.88 246
70 17.0278 -2358.46 251
71 17.4585 -2460 251
72 17.2897 -2414.83 251
73 17.3688 -2241.66 240
74 17.4358 -2464.85 252
75 17.6633 -2502.08 250
76 17.2726 -2297.84 244
77 17.4507 -2303.98 242
78 17.3911 -2433.91 250
79 17.4776 -2449.64 250
80 17.6417 -2449.12 248
81 17.2933 -2394.91 250
82 17.566 -2405.23 246
83 17.4158 -2371.32 246
84 17.3011 -2366.72 248
85 17.3997 -2343.21 245
86 17.4889 -2510.35 253
87 17.4777 -2472.02 251
88 17.2149 -2290.83 245
89 17.413 -2479.48 253
90 17.3844 -2333.04 245
91 17.4576 -2467.08 251
92 17.2364 -2368.63 249
93 17.4936 -2453.62 250
94 17.567 -2470.9 250
95 17.2797 -2321.32 246
96 17.3868 -2402.79 249
97 17.2279 -2357.2 248
98 17.0332 -2315.75 249
99 17.3744 -2459.71 252
100 17.5213 -2431.41 248
101 17.3386 -2424.29 251
102 17.2476 -2372.11 249
103 17.5503 -2482.28 251
104 17.6607 -2570.11 254
105 17.4897 -2424.02 248
106 17.5533 -2533.85 254
107 17.3613 -2505.73 255
108 17.1199 -2428.72 254
109 17.5099 -2309.32 242
110 17.3609 -2482.92 254
111 17.3937 -2455.64 252
112 17.437 -2323.22 243
113 17.38 -2284.48 242
114 17.4046 -2448.13 251
115 17.4597 -2519.68 254
116 17.3313 -2403.85 250
117 17.3979 -2357.77 246
118 17.351 -2406.89 249
119 17.2141 -2356.58 248
120 17.4833 -2285.85 241
121 17.4912 -2371.34 245
122 17.44 -2480.28 252
123 17.4326 -2467.59 252
124 17.4841 -2253.74 239
125 17.318 -2401.14 250
126 17.5193 -2407.12 247
127 17.4847 -2463.04 251
128 17.3457 -2387.34 248
129 17.544 -2396.32 246
130 17.4914 -2456.39 250
131 17.5077 -2330.51 243
