57
29
2
0
79.28
0.785398163
5.497787143
0.314159265
0.663225115
-0.25830873
-323.100006  323.100006  545.479980
-356.350006  280.929993  545.479980
-261.500000  206.149994  584.719971
-237.100006  237.100006  584.719971
-327.500000  327.500000  564.500000
-361.209991  284.750000  564.500000
-266.350006  209.979996  603.739990
-241.500000  241.500000  603.739990
-356.350006  280.929993  545.479980
-389.600006  238.750000  545.479980
-285.899994  175.199997  584.719971
-261.500000  206.149994  584.719971
-361.209991  284.750000  564.500000
-394.910004  242.000000  564.500000
-291.200012  178.449997  603.469971
-266.350006  209.979996  603.739990
-389.600006  238.750000  545.479980
-412.089996  189.970001  545.479980
-261.809998  120.690002  599.239990
-247.520004  151.679993  599.239990
-394.910004  242.000000  564.500000
-417.700012  192.559998  564.500000
-267.420013  123.279999  618.260010
-252.830002  154.929993  618.260010
-412.089996  189.970001  545.479980
-434.570007  141.199997  545.479980
-276.089996  89.709999  599.239990
-261.809998  120.690002  599.239990
-417.700012  192.559998  564.500000
-440.489990  143.119995  564.500000
-282.010010  91.629997  618.260010
-267.420013  123.279999  618.260010
-434.570007  141.199997  545.479980
-445.049988  88.529999  545.479980
-239.839996  47.709999  613.460022
-234.190002  76.089996  613.460022
-440.489990  143.119995  564.500000
-451.109985  89.730003  564.500000
-245.899994  48.910000  632.479980
-240.110001  78.019997  632.479980
-445.049988  88.529999  545.479980
-455.529999  35.849998  545.479980
-245.490005  19.320000  613.460022
-239.839996  47.709999  613.460022
-451.109985  89.730003  564.500000
-461.730011  36.340000  564.500000
-251.690002  19.809999  632.479980
-245.899994  48.910000  632.479980
-455.529999  38.849998  545.479980
-453.420013  -17.820000  545.479980
-195.880005  -7.700000  629.219971
-196.789993  15.490000  629.219971
-461.730011  36.340000  564.500000
-459.600006  -18.059999  564.500000
-202.059998  -7.940000  648.239990
-203.000000  15.980000  648.239990
-453.420013  -17.820000  545.479980
-451.309998  -71.480003  545.479980
-194.970001  -30.879999  629.219971
-195.880005  -7.700000  629.219971
-459.600006  -18.059999  564.500000
-457.459991  -72.449997  564.500000
-201.119995  -31.850000  648.239990
-202.059998  -7.940000  648.239990
-451.309998  -71.480003  545.479980
-422.160004  -174.860001  545.479980
-182.380005  -75.540001  629.219971
-194.970001  -30.879999  629.219971
-457.459991  -72.449997  564.500000
-427.910004  -177.240005  564.500000
-188.119995  -77.919998  648.239990
-201.119995  -31.850000  648.239990
-422.160004  -174.860001  545.479980
-369.670013  -268.579987  545.479980
-159.699997  -116.029999  629.219971
-182.380005  -75.540001  629.219971
-427.910004  -177.240005  564.500000
-374.700012  -272.239990  564.500000
-164.740005  -119.690002  648.239990
-188.119995  -77.919998  648.239990
-369.670013  -268.579987  545.479980
-296.760010  -347.459991  545.479980
-128.199997  -150.110001  629.219971
-159.699997  -116.029999  629.219971
-374.700012  -272.239990  564.500000
-300.799988  -352.190002  564.500000
-132.240005  -154.839996  648.239990
-164.740005  -119.690002  648.239990
-296.760010  -347.459991  545.479980
-207.440002  -407.130005  545.479980
-89.620003  -175.889999  629.219971
-128.199997  -150.110001  629.219971
-300.799988  -352.190002  564.500000
-210.270004  -412.679993  564.500000
-92.440002  -181.429993  648.239990
-132.240005  -154.839996  648.239990
-207.440002  -407.130005  545.479980
-106.669998  -444.309998  545.479980
-46.080002  -191.949997  629.219971
-89.620003  -175.889999  629.219971
-210.270004  -412.679993  564.500000
-108.120003  -450.359985  564.500000
-47.540001  -198.000000  648.239990
-92.440002  -181.429993  648.239990
-106.669998  -444.309998  545.479980
0.000000  -456.940002  545.479980
0.000000  -197.399994  629.219971
-46.080002  -191.949997  629.219971
-108.120003  -450.359985  564.500000
0.000000  -463.160004  564.500000
0.000000  -203.630005  648.239990
-47.540001  -198.000000  648.239990
0.000000  -456.940002  545.479980
106.669998  -444.309998  545.479980
46.080002  -191.949997  629.219971
0.000000  -197.399994  629.219971
0.000000  -463.160004  564.500000
108.120003  -450.359985  564.500000
47.540001  -198.000000  648.239990
0.000000  -203.630005  648.239990
106.669998  -444.309998  545.479980
207.440002  -407.130005  545.479980
89.620003  -175.889999  629.219971
46.080002  -191.949997  629.219971
108.120003  -450.359985  564.500000
210.270004  -412.679993  564.500000
92.440002  -181.429993  648.239990
47.540001  -198.000000  648.239990
207.440002  -407.130005  545.479980
296.760010  -347.459991  545.479980
128.199997  -150.110001  629.219971
89.620003  -175.889999  629.219971
210.270004  -412.679993  564.500000
300.799988  -352.190002  564.500000
132.240005  -154.839996  648.239990
92.440002  -181.429993  648.239990
296.760010  -347.459991  545.479980
369.670013  -268.579987  545.479980
159.699997  -116.029999  629.219971
128.199997  -150.110001  629.219971
300.799988  -352.190002  564.500000
374.700012  -272.239990  564.500000
164.740005  -119.690002  648.239990
132.240005  -154.839996  648.239990
369.670013  -268.579987  545.479980
422.160004  -174.860001  545.479980
182.380005  -75.540001  629.219971
159.699997  -116.029999  629.219971
374.700012  -272.239990  564.500000
427.910004  -177.240005  564.500000
188.119995  -77.919998  648.239990
164.740005  -119.690002  648.239990
422.160004  -174.860001  545.479980
451.309998  -71.480003  545.479980
194.970001  -30.879999  629.219971
182.380005  -75.540001  629.219971
427.910004  -177.240005  564.500000
457.459991  -72.449997  564.500000
201.119995  -31.850000  648.239990
188.119995  -77.919998  648.239990
451.309998  -71.480003  545.479980
453.420013  -17.820000  545.479980
195.880005  -7.700000  629.219971
194.970001  -30.879999  626.219971
457.459991  -72.449997  564.500000
459.600006  -18.059999  564.500000
202.059998  -7.940000  648.239990
201.119995  -31.850000  648.239990
453.420013  -17.820000  545.479980
455.529999  35.849998  545.479980
196.789993  15.490000  629.219971
195.880005  -7.700000  629.219971
459.600006  -18.059999  564.500000
461.730011  36.340000  564.500000
203.000000  15.980000  648.240000
202.059998  -7.940000  648.239990
455.529999  35.849998  545.479980
445.049988  88.529999  545.479980
239.839996  47.709999  613.460022
245.490000  19.320000  613.460022
461.730011  36.340000  564.500000
451.109985  89.730003  564.500000
245.899994  48.910000  632.479980
251.690000  19.810000  632.479980
445.049988  88.529999  545.479980
434.570007  141.199997  545.479980
234.190002  76.089996  613.460022
239.839996  47.709999  613.460022
451.109985  89.730003  564.500000
440.489990  143.119995  564.500000
240.110001  78.019997  632.479980
245.899994  48.910000  632.479980
434.570007  141.199997  545.479980
412.089996  189.970001  545.479980
261.809998  120.690002  599.239990
276.089996  89.709999  599.239990
440.489990  143.119995  564.500000
417.700012  192.559998  564.500000
267.420013  123.279999  618.260010
282.010010  91.629997  618.260010
412.089996  189.970001  545.479980
389.600006  238.750000  545.479980
247.520004  151.679993  599.239990
261.809998  120.690002  599.239990
417.700012  192.559998  564.500000
394.910004  242.000000  564.500000
252.830002  154.929993  618.260010
267.420013  123.279999  618.260010
389.600006  238.750000  545.479980
356.350006  280.929993  545.479980
261.500000  206.149994  584.719971
285.899994  175.199997  584.719971
394.910004  242.000000  564.500000
361.209991  284.750000  564.500000
266.350006  209.979996  603.739990
291.200012  178.449997  603.739990
356.350006  280.929993  545.479980
323.100006  323.100006  545.479980
237.100006  237.100006  584.719971
261.500000  206.149994  584.719971
361.209991  284.750000  564.500000
327.500000  327.500000  564.500000
241.500000  241.500000  603.739990
266.350006  209.979996  603.739990
-323.100006  340.480011  583.520020
-358.380005  298.059998  583.520020
-272.100006  226.300003  619.979980
-245.309998  258.510010  619.979980
-327.390015  344.989990  602.539978
-363.109985  302.010010  602.539978
-276.850006  230.250000  639.000000
-249.600006  263.019989  639.000000
-358.380005  298.059998  583.520020
-393.660000  255.650000  583.520020
-298.880005  194.100006  619.979980
-272.100006  226.300003  619.979980
-363.109985  302.010010  602.539978
-398.880005  259.040009  602.539978
-304.100006  197.489998  639.000000
-276.850006  230.250000  639.000000
-393.660004  255.649994  583.520020
-418.059998  206.160004  583.520020
-274.760010  135.500000  635.429993
-258.720001  168.020004  635.429993
-398.880005  259.040009  602.539978
-423.603000  208.898000  602.539978
-280.299988  138.229996  654.450012
-263.940002  171.410004  654.450012
-418.059998  206.160004  583.520020
-442.459991  156.679993  583.520020
-290.799988  103.000000  635.429993
-274.760010  135.500000  635.429993
-423.603000  208.898000  602.450012
-448.329987  158.759995  602.539978
-296.660004  105.050003  654.450012
-280.299988  138.229996  654.450012
-442.459991  156.679993  583.520020
-454.640015  102.870003  583.520020
-252.419998  57.119999  650.880005
-245.659000  86.992000  650.880005
-448.329987  158.759995  602.539978
-460.665000  104.23800  602.539978
-258.450012  58.480000  669.900024
-251.529999  89.070000  669.900024
-454.640015  102.870003  583.520020
-466.809998  49.060001  583.520020
-259.179993  27.240000  650.880005
-252.419998  57.119999  650.880005
-460.665000  104.23800  602.539978
-473.000000  49.720001  602.539978
-265.369995  27.889999  669.900024
-258.450012  58.480000  669.900024
-466.809998  49.060001  583.520020
-466.089996  -6.100000  583.520020
-208.380005  -2.730000  667.260010
-208.699997  21.930000  667.260010
-473.000000  49.720001  602.539978
-472.269989  -6.180000  602.539978
-214.559998  -2.810000  686.280029
-214.889999  22.590000  686.280029
-466.089996  -6.100000  583.520020
-465.369995  -61.270000  583.520020
-208.050003  -27.389999  667.260010
-208.380005  -2.730000  667.260010
-472.269989  -6.180000  602.539978
-471.540009  -62.080002  602.539978
-214.220001  -28.200001  686.280029
-214.559998  -2.810000  686.280029
-465.369995  -61.270000  583.520020
-438.209991  -168.210007  583.520020
-195.910004  -75.199997  667.260010
-208.050003  -27.389999  667.260010
-471.540009  -62.080002  602.539978
-444.019989  -170.440002  602.539978
-201.720001  -77.430000  686.280029
-214.220001  -28.200001  686.229980
-438.209991  -168.210007  583.520020
-386.829987  -265.859985  583.520020
-172.940002  -118.860001  667.260010
-195.910004  -75.199997  667.260010
-444.019989  -170.440002  602.539978
-391.959991  -269.390015  602.539978
-178.070007  -122.389999  686.280029
-201.720001  -77.430000  686.280029
-386.829987  -265.859985  583.520020
-314.079987  -348.820007  583.520020
-140.419998  -155.949997  667.260010
-172.940002  -118.860001  667.260010
-391.959991  -269.390015  602.539978
-318.239990  -353.440002  602.539978
-144.580002  -160.570007  686.280029
-178.070007  -122.389999  686.280029
-314.079987  -348.820007  583.520020
-223.970001  -412.500000  583.520020
-100.129997  -184.419998  667.260010
-140.419998  -155.949997  667.260010
-318.239990  -353.440002  602.539978
-226.940002  -417.970001  602.539978
-103.099998  -189.889999  686.280029
-144.580002  -160.570007  686.280029
-223.970001  -412.500000  583.520020
-121.489998  -453.390015  583.520020
-54.310001  -202.699997  667.260010
-100.129997  -184.419998  667.260010
-226.940002  -417.970001  602.539978
-123.099998  -459.399994  602.539978
-55.919998  -208.710007  686.280029
-103.099998  -189.889999  686.280029
-120.970001  -453.380005  583.409973
-40.650002  -467.570007  583.460022
-18.030001  -209.759995  666.950012
-53.930000  -203.410004  666.929993
-122.589996  -459.350006  602.429993
-41.200001  -473.739990  602.489990
-18.580000  -215.919998  685.979980
-55.549999  -209.389999  685.950012
-40.650002  -467.570007  583.460022
40.910000  -467.609985  583.479980
18.440001  -209.779999  666.960022
-18.030001  -209.759995  666.950012
-41.200001  -473.739990  602.489990
41.439999  -473.769989  602.510010
18.969999  -215.940002  685.989990
-18.580000  -215.919998  685.979980
40.910000  -467.609985  583.479980
121.239998  -453.459991  583.429993
54.349998  -203.449997  666.940002
18.440001  -209.779999  666.960022
41.439999  -473.769989  602.510010
122.849998  -459.429993  602.460022
55.959999  -209.419998  685.960022
18.969999  -215.940002  685.989990
121.489998  -453.390015  583.520020
223.970001  -412.500000  583.520020
100.129997  -184.419998  667.260010
54.310001  -202.699997  667.260010
123.09600  -459.52000  602.539978
226.94000  -417.97200  602.539978
103.099998  -189.889999  686.280029
55.919998  -208.710007  686.280029
223.970001  -412.500000  583.520020
314.079987  -348.820007  583.520020
140.419998  -155.949997  667.260010
100.129997  -184.419998  667.260010
226.940000  -417.972000  602.539978
318.239990  -353.440002  602.539978
144.580002  -160.570007  686.280029
103.099998  -189.889999  686.280029
314.079987  -348.820007  583.520020
386.829987  -265.859985  583.520020
172.940002  -118.860001  667.260010
140.419998  -155.949997  667.260010
318.239990  -353.440002  602.539978
391.959991  -269.390015  602.539978
178.070007  -122.389999  686.280029
144.580002  -160.570007  686.280029
386.829987  -265.859985  583.520020
438.209991  -168.210007  583.520020
195.910004  -75.199997  667.260010
172.940002  -118.860001  667.260010
391.959991  -269.390015  602.539978
444.019989  -170.440002  602.539978
201.720001  -77.430000  686.280029
178.070007  -122.389999  686.280029
438.209991  -168.210007  583.520020
465.369995  -61.270000  583.520020
208.050003  -27.389999  667.260010
195.910004  -75.199997  667.260010
444.019989  -170.440002  602.539978
471.540009  -62.080002  602.539978
214.220001  -28.200001  686.280029
201.720001  -77.430000  686.280029
465.369995  -61.270000  583.520020
466.089996  -6.100000  583.520020
208.380005  -2.730000  667.260010
208.050003  -27.389999  667.260010
471.540009  -62.080002  602.539978
472.269989  -6.180000  602.539978
214.559998  -2.810000  686.280029
214.220001  -28.200001  686.280029
466.089996  -6.100000  583.520020
466.809998  49.060001  583.520020
208.699997  21.930000  667.260010
208.380005  -2.730000  667.260010
472.269989  -6.180000  602.539978
473.000000  49.720001  602.539978
214.889999  22.590000  686.280029
214.559998  -2.810000  686.280029
466.809998  49.060001  583.520020
454.640015  102.870003  583.520020
252.419998  57.119999  650.880005
259.179993  27.240000  650.880005
473.000000  49.720001  602.539978
460.670013  104.239998  602.539978
258.450012  58.480000  669.900024
265.369995  27.889999  669.900024
454.640015  102.870003  583.520020
442.459991  156.679993  583.520020
245.660004  86.989998  650.880005
252.419998  57.119999  650.880005
460.670013  104.239998  602.539978
448.329987  158.759995  602.539978
251.529999  89.070000  669.900024
258.450012  58.480000  669.900024
442.459991  156.679993  583.520020
418.059998  206.160004  583.520020
274.760010  135.500000  635.429993
290.799988  102.980003  635.429993
448.329987  158.759995  602.539978
423.600006  208.899994  602.539978
280.299988  138.229996  654.450012
296.660004  105.050003  654.450012
418.059998  206.160004  583.520020
393.660000  255.650000  583.520020
258.720001  168.020004  635.429993
274.760010  135.500000  635.429993
423.600006  208.899994  602.539978
398.880005  259.040009  602.539978
263.940002  171.410004  654.450012
280.299988  138.229996  654.450012
393.660000  255.650000  583.520020
358.380005  298.059998  583.520020
272.100006  226.300003  619.979980
298.880005  194.100006  619.979980
398.880005  259.040009  602.539978
363.130005  302.010010  602.539978
276.850006  230.250000  639.000000
304.100006  197.490005  639.000000
358.380005  298.059998  583.520020
323.100006  340.480011  583.520020
245.309998  258.510010  619.979980
272.100006  226.300003  619.979980
363.130005  302.010010  602.539978
327.390015  344.989990  602.539978
249.600006  263.019989  639.000000
276.850006  230.250000  639.000000
